	ar	zhu	date	true	H	lambda_	value_first	z	u_tmp	u_hat	zhu_shift	ar_shift	true_shift	test
0	2.49743957444121	2.521207410856597	2017-09-06	2.453587966530573	0.28110051296719396	1.6051369607448578	0	-0.02376783641538692	0.09548021697987161	0.13413657726804928	2.420882217166439	2.435477291530916		
1	2.435477291530916	2.420882217166439	2017-09-07	2.446685436967803	0.2882164963192857	1.5949136316776276	0	0.014595074364477125	0.0006188644361254901	0.08036221546853389	2.4475737575491006	2.446413081761174	2.453587966530573	2.438992892166096
2	2.446413081761174	2.4475737575491006	2017-09-08	2.4948569806411682	0.28475876192827254	1.5892488062381744	0	-0.0011606757879265232	0.012124793306766857	0.04803345128814142	2.48992990611577	2.48364539743451	2.446685436967803	2.4478461127557294
3	2.48364539743451	2.48992990611577	2017-09-11	2.373043556642607	0.29250863517137116	1.5956648290157318	0	-0.00628450868126032	0.20339504455657528	0.3268812083212817	2.365316860398329	2.379147614385388	2.4948569806411682	2.5011414893224284
4	2.379147614385388	2.365316860398329	2017-09-12	2.3589654264301534	0.3134332672148965	1.5825388133525848	0	0.013830753987058844	-0.01794653223024634	-0.01196464631632722	2.3844885376159386	2.380839151152329	2.373043556642607	2.359212802655548
5	2.380839151152329	2.3844885376159386	2017-09-13	2.3513752571634776	0.28864588682540626	1.5680682063102722	0	-0.0036493864636096994	0.011827642714976633	0.03114041601429102	2.367081622848058	2.367320253009998	2.3589654264301534	2.362614812893763
6	2.367320253009998	2.367081622848058	2017-09-14	2.3456445824544927	0.30672353318173023	1.5759150087833405	0	0.00023863016194037987	0.05062881638642578	0.15564562994699918	2.3630689565461087	2.3624378117384963	2.3513752571634776	2.3511366270015372
7	2.3624378117384963	2.3630689565461087	2017-09-15	2.3194422100604686	0.28260534085637934	1.5969796478748322	0	-0.0006311448076121839	-0.01988181095876251	-0.09592011363436127	2.3369385056798686	2.3394998355867207	2.3456445824544927	2.346275727262105
8	2.3394998355867207	2.3369385056798686	2017-09-18	2.3174737054877963	0.28280773678730486	1.6128051280975342	0	0.002561329906852285	0.01592813711906916	0.10151049564039621	2.340623274858857	2.3395692385958817	2.3194422100604686	2.3168808801536165
9	2.3395692385958817	2.340623274858857	2017-09-19	2.3204250111223765	0.2810621689541476	1.6080367863178253	0	-0.001054036262975266	0.04008209037633679	0.12119259323392204	2.3412354650591727	2.3402425513081666	2.3174737054877963	2.3185277417507715
10	2.3402425513081666	2.3412354650591727	2017-09-20	2.280339484046726	0.2772475986142188	1.612135112285614	0	-0.0009929137510060544	0.018382121168879998	0.0701174622133453	2.3011832396445726	2.305791460821877	2.3204250111223765	2.3214179248733826
11	2.305791460821877	2.3011832396445726	2017-09-21	2.269028309465203	0.2929032932562043	1.6041095852851868	0	0.004608221177304012	-0.024965944591610167	-0.06525926197202718	2.30001379421031	2.2993827304519723	2.280339484046726	2.2757312628694217
12	2.2993827304519723	2.30001379421031	2017-09-22	2.2607208888953467	0.2968897161318475	1.6015242040157318	0	-0.000631063758337368	0.010586852406051363	0.04838748251120366	2.289848637462707	2.290014506841878	2.269028309465203	2.2696593732235404
13	2.290014506841878	2.289848637462707	2017-09-25	2.3233676321765744	0.29168560113399383	1.6058681309223175	0	0.0001658693791708215	0.033496947415081954	0.12506731841503457	2.351262422451618	2.3427715838842853	2.2607208888953467	2.260555019516176
14	2.3427715838842853	2.351262422451618	2017-09-26	2.3194422100604686	0.3068696770801565	1.6052218973636627	0	-0.008490838567332678	0.03453997101853797	0.07160044741886341	2.3308338100180217	2.332949073423682	2.3233676321765744	2.331858470743907
15	2.332949073423682	2.3308338100180217	2017-09-27	2.28949985344539	0.2975522186690518	1.5974067449569702	0	0.0021152634056602754	-0.03882930348288582	-0.10968987556127427	2.308038201602131	2.3117772142167663	2.3194422100604686	2.3173269466548083
16	2.3117772142167663	2.308038201602131	2017-09-28	2.256541154492639	0.31485029887158356	1.6102555990219116	0	0.003739012614635404	-0.0007574297160017966	0.01955619160935193	2.2811956593709914	2.2858419998248474	2.28949985344539	2.2857608408307546
17	2.2858419998248474	2.2811956593709914	2017-09-29	2.252343876557299	0.3072153279189698	1.6155309677124023	0	0.004646340453855943	0.006419910903020724	0.07991365890249356	2.2824948494719512	2.2823308054981335	2.256541154492639	2.251894814038783
18	2.2823308054981335	2.2824948494719512	2017-10-02	2.2460147415056513	0.31159154451700183	1.6183648109436035	0	-0.00016404397381796748	0.11687004408902675	0.26083226615261473	2.273714643854469	2.274371923187335	2.252343876557299	2.2525079205311167
19	2.274371923187335	2.273714643854469	2017-10-03	2.252343876557299	0.29749811341836063	1.637602686882019	0	0.0006572793328660482	0.003267637365752011	0.041740085398152146	2.2801734632617428	2.2793240231551053	2.2460147415056513	2.245357462172785
20	2.2793240231551053	2.2801734632617428	2017-10-04	2.2648832258100344	0.2941329477869937	1.6345807313919067	0	-0.0008494401066372703	0.03910595131625236	0.12442418603350688	2.289731373043026	2.288490378357874	2.252343876557299	2.2531933166639364
21	2.288490378357874	2.289731373043026	2017-10-05	2.2181159363675955	0.3181298453476126	1.640033483505249	0	-0.001240994685151936	0.016464651381217544	0.06486025862369746	2.2429565428435256	2.247359760853082	2.2648832258100344	2.2661242204951866
22	2.247359760853082	2.2429565428435256	2017-10-06	2.2669579153508947	0.32365273371616554	1.6289935111999512	0	0.004403218009556372	-0.03790119465592977	-0.09833849840343435	2.2981800824486665	2.292577744325938	2.2181159363675955	2.213712718358039
23	2.292577744325938	2.2981800824486665	2017-10-09	2.3350522831315472	0.3175875141417998	1.6285823732614517	0	-0.00560233812272862	0.14546643667430753	0.2646923171296667	2.34873685473234	2.343047966289908	2.2669579153508947	2.2725602534736233
24	2.343047966289908	2.34873685473234	2017-10-10	2.3105532626432224	0.32740183819138274	1.6264061629772186	0	-0.005688888442432144	0.15056727015849927	0.2705391596525355	2.3174832180357017	2.3206134390935316	2.3350522831315472	2.3407411715739794
25	2.3206134390935316	2.3174832180357017	2017-10-11	2.2874714551839976	0.31430999814258515	1.6304240226745605	0	0.0031302210578299117	-0.032095892235638	-0.09222148978902626	2.3067229541915504	2.307670815495674	2.3105532626432224	2.3074230415853925
26	2.307670815495674	2.3067229541915504	2017-10-12	2.2935443483418965	0.31772785581957486	1.652350276708603	0	0.0009478613041237789	0.038169322424632744	0.15336800441119217	2.3138988397483904	2.3126610260026643	2.2874714551839976	2.286523593879874
27	2.3126610260026643	2.3138988397483904	2017-10-13	2.262804222982201	0.2981383258397542	1.6522802710533142	0	-0.0012378137457259356	0.03674746137454239	0.11801271615411014	2.281254256308659	2.284162082764013	2.2935443483418965	2.2947821620876225
28	2.284162082764013	2.281254256308659	2017-10-16	2.2935443483418965	0.3128483700254759	1.6500552892684937	0	0.0029078264553540015	-0.021607966468732302	-0.06885515708307088	2.3170921414884713	2.3127834598795487	2.262804222982201	2.2598963965268473
29	2.3127834598795487	2.3170921414884713	2017-10-17	2.333114298028869	0.30084636906242207	1.6358670741319656	0	-0.0043086816089227395	0.010961225663273351	0.02755380121544282	2.346444462543009	2.341603267381312	2.2935443483418965	2.297853029950819
30	2.341603267381312	2.346444462543009	2017-10-18	2.309560706730471	0.283496528654633	1.652695119380951	0	-0.004841195161697124	-0.027073272309889006	-0.15234930051380027	2.3173471764611313	2.320120255810452	2.333114298028869	2.337955493190566
31	2.320120255810452	2.3173471764611313	2017-10-19	2.307572634505085	0.29366970265936815	1.6533232927322388	0	0.0027730793493205845	-0.027706566802777874	-0.08588491542627032	2.323778871444512	2.3229269216211734	2.309560706730471	2.30678762738115
32	2.3229269216211734	2.323778871444512	2017-10-20	2.299580583973747	0.31255428691397336	1.650918424129486	0	-0.0008519498233386106	-0.015059633139291283	-0.09257707830356887	2.3136505503763156	2.3142561799511814	2.307572634505085	2.3084245843284235
33	2.3142561799511814	2.3136505503763156	2017-10-23	2.4042387467205457	0.3090803937971301	1.6587153375148773	0	0.000605629574865922	-0.0019865616444804477	-0.01201783287656136	2.413435234053268	2.4018591698350704	2.299580583973747	2.298974954398881
34	2.4018591698350704	2.413435234053268	2017-10-24	2.412335956953165	0.316649030833765	1.6431965678930283	0	-0.011576064218197664	0.1756862912015556	0.2807282733031754	2.3979831061511905	2.400101933922028	2.4042387467205457	2.4158148109387434
35	2.400101933922028	2.3979831061511905	2017-10-25	2.418588768750352	0.2994896097199445	1.638614684343338	0	0.0021188277708373846	0.1399166870644593	0.32447102287821505	2.413970934454101	2.4135595505332272	2.412335956953165	2.4102171291823273
36	2.4135595505332272	2.413970934454101	2017-10-26	2.424802725718295	0.29843840777445313	1.6506706774234772	0	-0.00041138392087385577	0.06655247073527623	0.1847779561800102	2.418595387965678	2.418986447539872	2.418588768750352	2.419000152671226
37	2.418986447539872	2.418595387965678	2017-10-27	2.2823823856765264	0.29172855936459074	1.653203934431076	0	0.0003910595741942458	0.011113549206102165	0.07444378159729631	2.281074437787074	2.3008228117787386	2.424802725718295	2.424411666144101
38	2.3008228117787386	2.281074437787074	2017-10-30	2.3513752571634776	0.30458410265466457	1.6446014642715454	0	0.019748373991664705	-0.25852506756380583	-0.34735139453893077	2.3763852098545755	2.3675226335735715	2.2823823856765264	2.262634011684862
39	2.3675226335735715	2.3763852098545755	2017-10-31	2.3204250111223765	0.29486414486952617	1.6351703703403473	0	-0.008862576281004052	0.02216907008498045	0.04178185125500646	2.319583459708893	2.3270967355625425	2.3513752571634776	2.3602378334444816
40	2.3270967355625425	2.319583459708893	2017-11-01	2.322387720290225	0.28812290901448223	1.6274609863758087	0	0.0075132758536496655	0.005016070502192383	0.08815644589297134	2.3363599984479047	2.335199883713912	2.3204250111223765	2.312911735268727
41	2.335199883713912	2.3363599984479047	2017-11-02	2.295560478057081	0.30863740433069153	1.6399510502815247	0	-0.0011601147339925743	-0.020882040514785306	-0.11072034363454736	2.307288585396049	2.3104707963034357	2.322387720290225	2.323547835024218
42	2.3104707963034357	2.307288585396049	2017-11-03	2.2126603854660587	0.31178190480027285	1.6513156592845917	0	0.0031822109073866523	0.00459578899013682	0.06914438572017899	2.2303936964269373	2.243355103786359	2.295560478057081	2.2923782671496946
43	2.243355103786359	2.2303936964269373	2017-11-06	2.2407096892759584	0.29757138142981177	1.6543530374765396	0	0.01296140735942165	-0.185330976813343	-0.2886895848887127	2.2726905940777944	2.2698730300602437	2.2126603854660587	2.199698978106637
44	2.2698730300602437	2.2726905940777944	2017-11-07	2.2915241456346207	0.29582310519944455	1.6454055905342102	0	-0.002817564017550753	-0.13905902477205334	-0.3296865058296139	2.3086002012814406	2.3040528320084825	2.2407096892759584	2.243527253293509
45	2.3040528320084825	2.3086002012814406	2017-11-08	2.280339484046726	0.2998823418876421	1.639805093407631	0	-0.00454736927295798	-0.08755606130134364	-0.26374555246941683	2.291399847542359	2.293709972083793	2.2915241456346207	2.2960715149075788
46	2.293709972083793	2.291399847542359	2017-11-09	2.3513752571634776	0.3118275058330402	1.6333154439926147	0	0.00231012454143386	-0.17209998895985443	-0.31617556034713645	2.3618172095410723	2.3539482362731694	2.280339484046726	2.2780293595052923
47	2.3539482362731694	2.3618172095410723	2017-11-10	2.4239173781615704	0.2958811906622019	1.6235581040382385	0	-0.007868973267902988	-0.010903767172601013	-0.11242783242022247	2.410634207008171	2.4042875652999367	2.3513752571634776	2.3592442304313805
48	2.4042875652999367	2.410634207008171	2017-11-13	2.4423470353692043	0.3038581110992158	1.6387351155281067	0	-0.006346641708234285	0.0681562710575418	0.14855707162234558	2.4185651099545944	2.418906402580027	2.4239173781615704	2.4302640198698047
49	2.418906402580027	2.4185651099545944	2017-11-14	2.4501426573516603	0.30377740058761094	1.6407841444015503	0	0.00034129262543236083	-0.014953738633701561	-0.06948222448458544	2.4270150725014172	2.4276101838401316	2.4423470353692043	2.442005742743772
50	2.4276101838401316	2.4270150725014172	2017-11-15	2.574899688314705	0.30712939381559634	1.6470668613910675	0	0.0005951113387143215	-0.12174277792501505	-0.26743431515478727	2.534332027841517	2.521285943651972	2.4501426573516603	2.449547546012946
51	2.521285943651972	2.534332027841517	2017-11-16	2.464703942470481	0.3131718194396423	1.6392599791288376	0	-0.013046084189545101	0.08817022625499439	0.15645009390346315	2.418131047068875	2.429343884631166	2.574899688314705	2.5879457725042503
52	2.429343884631166	2.418131047068875	2017-11-17	2.4362414778067194	0.314688804875447	1.635248824954033	0	0.011212837562291288	-0.18212208196924984	-0.2887599463921549	2.417821889778467	2.4154841661554496	2.464703942470481	2.45349110490819
53	2.4154841661554496	2.417821889778467	2017-11-20	2.365559892155434	0.3016471720318551	1.610639065504074	0	-0.002337723623017143	0.14063086923520907	0.272600679631015	2.3591474131863195	2.3653131454311502	2.4362414778067194	2.4385792014297367
54	2.3653131454311502	2.3591474131863195	2017-11-21	2.2752138961979136	0.302728635493979	1.6162677705287933	0	0.006165732244830926	-0.12460774864581213	-0.23276166627177944	2.289343816073993	2.2986562040716407	2.365559892155434	2.3593941599106034
55	2.2986562040716407	2.289343816073993	2017-11-22	2.2905125117597764	0.3056820489178087	1.6080273985862732	0	0.00931238799764788	-0.1658232232406546	-0.2725487536419375	2.317843469279679	2.3148015512725495	2.2752138961979136	2.265901508200266
56	2.3148015512725495	2.317843469279679	2017-11-24	2.269028309465203	0.31223726355121967	1.5999473333358765	0	-0.003041918007129414	0.0012138494518602837	-0.011674631971645833	2.2887566485133313	2.292354228872938	2.2905125117597764	2.293554429766906
57	2.292354228872938	2.2887566485133313	2017-11-27	2.28949985344539	0.2929861275599998	1.608443945646286	0	0.003597580359606582	-0.15432135777488293	-0.2826808946680968	2.312793451339319	2.3103752681790364	2.269028309465203	2.265430729105596
58	2.3103752681790364	2.312793451339319	2017-11-28	2.305580601973844	0.3075740853906497	1.618467003107071	0	-0.0024181831602827033	0.014783639634411512	0.04981515729189953	2.320507189723362	2.3204624095999664	2.28949985344539	2.2919180366056726
59	2.3204624095999664	2.320507189723362	2017-11-29	2.3702437414678603	0.3060995281780695	1.6392793357372284	0	-4.478012339556868e-05	-0.07895853452869166	-0.2147372362225248	2.3789219971330544	2.370797021691073	2.305580601973844	2.3056253820972397
60	2.370797021691073	2.3789219971330544	2017-11-30	2.423031246069913	0.2940136257112403	1.634155511856079	0	-0.008124975441981444	0.021677167897406372	0.04328750648272871	2.411736473639813	2.407355203898535	2.3702437414678603	2.3783687169098418
61	2.407355203898535	2.411736473639813	2017-12-01	2.4362414778067194	0.2945113048425267	1.638384371995926	0	-0.004381269741278052	0.0828449329383453	0.18230069368968566	2.415811139004611	2.416069721434531	2.423031246069913	2.427412515811191
62	2.416069721434531	2.415811139004611	2017-12-04	2.457877977400081	0.30759723637705527	1.6388929635286331	0	0.0002585824299200682	0.001768119580202739	0.027390640409437773	2.436569050013679	2.43448844136592	2.4362414778067194	2.4359828953767995
63	2.43448844136592	2.436569050013679	2017-12-05	2.427454075039915	0.29518168710067494	1.6551604717969894	0	-0.0020806086477589696	0.16188483987097751	0.3088588335808533	2.405699388015559	2.4093669934342197	2.457877977400081	2.4599585860478403
64	2.4093669934342197	2.405699388015559	2017-12-06	2.3997118037247684	0.28994259429532543	1.661363661289215	0	0.0036676054186608347	-0.008536745854560978	-0.022665683719401863	2.3890934310766054	2.391258697862676	2.427454075039915	2.4237864696212545
65	2.391258697862676	2.3890934310766054	2017-12-07	2.318458442150336	0.27391987610633456	1.6610036194324493	0	0.002165266786070541	-0.02222411815510616	-0.07621076048486326	2.3151977093535705	2.327687526097305	2.3997118037247684	2.397546536938698
66	2.327687526097305	2.3151977093535705	2017-12-08	2.259677591982769	0.2902862547725229	1.6510272771120071	0	0.012489816743734209	-0.20105686380410956	-0.30814433454434015	2.283809733787674	2.286958012236632	2.318458442150336	2.3059686254066016
67	2.286958012236632	2.283809733787674	2017-12-11	2.234306252240751	0.2786713407854446	1.6617744863033295	0	0.0031482784489578488	-0.05737975676223142	-0.14786705112834714	2.2690602457827245	2.2690236409188564	2.259677591982769	2.256529313533811
68	2.2690236409188564	2.2690602457827245	2017-12-12	2.2945529212967815	0.28836380114859095	1.6630582809448242	0	-3.660486386816063e-05	-0.05656556645108717	-0.17993954273363022	2.328291716165272	2.3184655619557866	2.234306252240751	2.234342857104619
69	2.3184655619557866	2.328291716165272	2017-12-13	2.3204250111223765	0.28800114328264087	1.6495855897665024	0	-0.009826154209485384	-0.007861744056000585	-0.1136628350013934	2.332118621911461	2.332169551129449	2.2945529212967815	2.304379075506267
70	2.332169551129449	2.332118621911461	2017-12-14	2.3504224224082058	0.2873926384368755	1.618758648633957	0	5.092921798817402e-05	-0.5354180780578033	-0.6775984048022974	2.3553924719128765	2.3525837496027004	2.3204250111223765	2.3203740819043883
71	2.3525837496027004	2.3553924719128765	2017-12-15	2.2428350885882717	0.2914632819664827	1.5813273042440414	0	-0.0028087223101758998	-0.013455298218458174	-0.08992602133131394	2.254514711004865	2.2661060896974248	2.3504224224082058	2.353231144718382
72	2.2661060896974248	2.254514711004865	2017-12-18	2.254444717666111	0.32255441167248655	1.5839426815509796	0	0.011591378692559865	-0.032682749220321286	-0.055400759869050596	2.283724253765168	2.2791647060498517	2.2428350885882717	2.231243709895712
73	2.2791647060498517	2.283724253765168	2017-12-19	2.305580601973844	0.2949294116798354	1.5815650820732117	0	-0.004559547715315984	0.022038095141467106	0.056526134154846475	2.326216945198904	2.3178695679353325	2.254444717666111	2.259004265381427
74	2.3178695679353325	2.326216945198904	2017-12-20	2.2741856184723477	0.30633018684956387	1.5849393904209137	0	-0.008347377263571775	0.013597716447238105	0.017601854835883023	2.2889605813237206	2.2919708143737756	2.305580601973844	2.3139279792374157
75	2.2919708143737756	2.2889605813237206	2017-12-21	2.263844264677615	0.310452645639856	1.5820239186286926	0	0.003010233050054851	0.0021448943182065167	0.0460484340368305	2.2862711413882946	2.28567034490194	2.2741856184723477	2.2711753854222927
76	2.28567034490194	2.2862711413882946	2017-12-22	2.2925347571405443	0.32072026695517325	1.5920355319976807	0	-0.0006007964863544641	-0.023150651958823706	-0.10339193675181292	2.3130597413344884	2.307180069125813	2.263844264677615	2.2644450611639697
77	2.307180069125813	2.3130597413344884	2017-12-26	2.327277705584417	0.30308431480761583	1.5870522558689117	0	-0.00587967220867545	0.026196362716730703	0.061463769697410006	2.339497523555353	2.3330925394567754	2.2925347571405443	2.29841442934922
78	2.3330925394567754	2.339497523555353	2017-12-27	2.3485140248824456	0.2987451845972166	1.6013226807117462	0	-0.006404984098577757	-0.0037720190130183223	-0.07334086120925687	2.350447625461029	2.349141614139509	2.327277705584417	2.3336826896829947
79	2.349141614139509	2.350447625461029	2017-12-28	2.3204250111223765	0.3074159228929082	1.612440437078476	0	-0.0013060113215203628	0.01599442030412368	0.06066850837892043	2.3250123572747916	2.3278370830277613	2.3485140248824456	2.349820036203966
80	2.3278370830277613	2.3250123572747916	2017-12-29	2.401525040848949	0.30722644204686816	1.6140920966863632	0	0.0028247257529698676	0.019643953161164678	0.11396489520486239	2.4031352574111193	2.3922930089288754	2.3204250111223765	2.317600285369407
81	2.3922930089288754	2.4031352574111193	2018-01-02	2.2793164660546914	0.3043084528206534	1.598033845424652	0	-0.010842248482243837	0.10185844172543494	0.1805174188259517	2.283137408046345	2.2977542271596154	2.401525040848949	2.412367289331193
82	2.2977542271596154	2.283137408046345	2018-01-03	2.21375387928743	0.29441618173386663	1.5871435403823853	0	0.014616819113270169	-0.08898394905528076	-0.1479893959475739	2.2505853461162966	2.2505579462540743	2.2793164660546914	2.264699646941421
83	2.2505579462540743	2.2505853461162966	2018-01-04	2.2213750375685026	0.2952349040554532	1.5844202488660812	0	-2.7399862222423294e-05	-0.08126772107696947	-0.20643592436357455	2.2603188202790374	2.2530934088326924	2.21375387928743	2.2137812791496523
84	2.2530934088326924	2.2603188202790374	2018-01-05	2.2213750375685026	0.29845184627596266	1.5799284875392914	0	-0.007225411446345131	0.017788821315176413	0.033927976011246135	2.251838742644672	2.2505258947415325	2.2213750375685026	2.2286004490148477
85	2.2505258947415325	2.251838742644672	2018-01-08	2.253394848803274	0.2922095903256181	1.5845379084348679	0	-0.001312847903139824	0.042739492061982055	0.12156578415850948	2.2836041631445063	2.2756402149967614	2.2213750375685026	2.2226878854716423
86	2.2756402149967614	2.2836041631445063	2018-01-09	2.3105532626432224	0.29213632916698007	1.591856449842453	0	-0.007963948147744988	0.016670889369765487	0.02836248231847107	2.333423953414715	2.3193553376873064	2.253394848803274	2.261358796951019
87	2.3193553376873064	2.333423953414715	2018-01-10	2.2844211223663744	0.28116677301746235	1.590513914823532	0	-0.014068615727408444	0.019468596523306486	0.015524383950908854	2.2966663580426636	2.29795719068954	2.3105532626432224	2.324621878370631
88	2.29795719068954	2.2966663580426636	2018-01-11	2.2905125117597764	0.30235004809437777	1.596562922000885	0	0.0012908326468764211	0.08166610980905203	0.22374178668864458	2.3079845496782108	2.304571821598612	2.2844211223663744	2.283130289719498
89	2.304571821598612	2.3079845496782108	2018-01-12	2.318458442150336	0.3078360241779064	1.6098074913024902	0	-0.003412728079598997	0.024370358955391937	0.07017652204707876	2.3323913315450677	2.3256267363463605	2.2905125117597764	2.2939252398393752
90	2.3256267363463605	2.3323913315450677	2018-01-16	2.4561641809223462	0.30846149681458096	1.604665607213974	0	-0.006764595198707407	0.04303012476304882	0.09634892825743953	2.4576460179540374	2.433355891109864	2.318458442150336	2.3252230373490432
91	2.433355891109864	2.4576460179540374	2018-01-17	2.477378383367209	0.31447314348314637	1.5977524816989899	0	-0.024290126844173397	0.44507419215966476	0.5049002492597304	2.448728368013748	2.4487306902830084	2.4561641809223462	2.4804543077665198
92	2.4487306902830084	2.448728368013748	2018-01-18	2.503073953743449	0.31091304998907027	1.5884809792041779	0	2.3222692602514113e-06	0.1201540799901127	0.26371419534473023	2.4752926012505205	2.4705926160654914	2.477378383367209	2.4773760610979485
93	2.4705926160654914	2.4752926012505205	2018-01-19	2.422144328051685	0.28766282982300384	1.5967783480882645	0	-0.0046999851850290505	0.08173213471515198	0.17354490307578793	2.397478542026371	2.405063412340588	2.503073953743449	2.5077739389284783
94	2.405063412340588	2.397478542026371	2018-01-22	2.400618833265411	0.28302397422909165	1.58708256483078	0	0.0075848703142171155	0.031097183754308682	0.15842624313447126	2.3931056683301235	2.3892274127125686	2.422144328051685	2.4145594577374676
95	2.3892274127125686	2.3931056683301235	2018-01-23	2.4069451083182885	0.2673719112215764	1.5800001919269562	0	-0.003878255617554899	0.16581295615516103	0.2909188104067087	2.403104032359191	2.395341845837217	2.400618833265411	2.404497088882966
96	2.395341845837217	2.403104032359191	2018-01-24	2.4397349311412793	0.2834915477095767	1.5811268091201782	0	-0.007762186521974076	0.3413919430349431	0.46046746928060717	2.4407225961406147	2.4218639340313324	2.4069451083182885	2.4147072948402624
97	2.4218639340313324	2.4407225961406147	2018-01-25	2.449279472144849	0.23997899139972328	1.580629125237465	0	-0.01885866210928215	0.35227392206203717	0.4357150830705987	2.4315188391671074	2.429228271162237	2.4397349311412793	2.4585935932505616
98	2.429228271162237	2.4315188391671074	2018-01-26	2.405141681319138	0.2682052561610911	1.599051296710968	0	-0.0022905680048704627	0.07387464460093195	0.17372549969664364	2.3902109284343753	2.393575135358187	2.449279472144849	2.45157004014972
99	2.393575135358187	2.3902109284343753	2018-01-29	2.6275629501895237	0.278607347019264	1.6052256524562836	0	0.003364206923811752	0.2277280403421354	0.42662169975359765	2.6008109318303942	2.574005086787709	2.405141681319138	2.401777474395326
100	2.574005086787709	2.6008109318303942	2018-01-30	2.6939512767227085	0.3192815109002687	1.6176270246505737	0	-0.0268058450426853	0.29455550742515163	0.36298100961729657	2.625376495527363	2.6264693591097155	2.6275629501895237	2.654368795232209
101	2.6264693591097155	2.625376495527363	2018-01-31	2.605648267484129	0.31087911732500917	1.6023772805929184	0	0.001092863582352533	0.30643210056692194	0.4921937109393256	2.5361583975294075	2.551520737302218	2.6939512767227085	2.692858413140356
102	2.551520737302218	2.5361583975294075	2018-02-01	2.6004649904222727	0.30180131665000604	1.5881261229515076	0	0.01536233977281033	0.010356814491298204	0.12838636938626347	2.5629160755130638	2.5606169384925015	2.605648267484129	2.5902859277113186
103	2.5606169384925015	2.5629160755130638	2018-02-02	2.851284369188118	0.2851250908828922	1.580597162246704	0	-0.0022991370205621992	0.16973967476084748	0.30419981945841096	2.8263329267225314	2.792343749757745	2.6004649904222727	2.602764127442835
104	2.792343749757745	2.8263329267225314	2018-02-05	3.619529375979143	0.3081884201784978	1.5986523181200027	0	-0.03398917696478629	0.2416893046200796	0.2907586948794527	3.769065736621539	3.743023802497682	2.851284369188118	2.8852735461529044
105	3.743023802497682	3.769065736621539	2018-02-06	3.4005304926744517	0.40692706066206563	1.6480640172958374	0	-0.026041934123856983	1.50430364975555	1.1718433413032743	3.1977240024765288	3.199158814359213	3.619529375979143	3.645571310103
106	3.199158814359213	3.1977240024765288	2018-02-07	3.322514859627687	0.44203174703291853	2.0593530535697937	0	0.0014348118826842324	0.0075437057980460645	0.13481828192047945	3.3771725945856135	3.37134241659234	3.4005304926744517	3.3990956807917674
107	3.37134241659234	3.3771725945856135	2018-02-08	3.510350695558678	0.36401099843863516	2.052973598241806	0	-0.00583017799327327	1.482299765927913	1.1297348019895395	3.589132499447501	3.5873987305801736	3.322514859627687	3.3283450376209602
108	3.5873987305801736	3.589132499447501	2018-02-09	3.369362658142137	0.4125556587325872	2.0553252696990967	0	-0.0017337688673273225	1.9049605898560866	1.3229250264769687	3.3444633278203857	3.3456873385799235	3.510350695558678	3.5120844644260054
109	3.3456873385799235	3.3444633278203857	2018-02-12	3.242982900211434	0.4061021603047881	2.019960343837738	0	0.0012240107595376556	0.786008131359368	0.9237907561782281	3.2683580885514414	3.267869707349104	3.369362658142137	3.368138647382599
110	3.267869707349104	3.2683580885514414	2018-02-13	3.217675104291682	0.4272205034609925	2.0031681060791016	0	-0.0004883812023376709	1.4435413262488368	1.1788929259133385	3.232456889033333	3.2311877458979987	3.242982900211434	3.2434712814137714
111	3.2311877458979987	3.232456889033333	2018-02-14	2.9580304063699794	0.417980943979994	2.008699983358383	0	-0.0012691431353343329	1.3053922463087515	1.1057351223267615	2.9264846781191993	2.9276875811484087	3.217675104291682	3.2189442474270162
112	2.9276875811484087	2.9264846781191993	2018-02-15	2.9512577834521614	0.4175329882631351	1.9734766781330109	0	0.001202903029209479	0.7773054385096586	0.9133088341165392	2.969726450214289	2.9652094402432647	2.9580304063699794	2.95682750334077
113	2.9652094402432647	2.969726450214289	2018-02-16	2.968361076757859	0.4003760942268663	1.9463285207748413	0	-0.004517009971024139	1.9708182391984908	1.354665623392734	2.9455097716509897	2.9452411836210692	2.9512577834521614	2.9557747934231857
114	2.9452411836210692	2.9455097716509897	2018-02-20	3.0252910757955354	0.3925748431904884	1.9457328021526337	0	-0.0002685880299206505	1.9399075077083727	1.391122456344525	3.005333054094621	2.999897469751127	2.968361076757859	2.9686296647877795
115	2.999897469751127	3.005333054094621	2018-02-21	2.9967317738870745	0.3754241697665236	1.9314681887626648	0	-0.005435584343493777	2.827503931795157	1.6456011283159024	2.964347362485301	2.9644302514540564	3.0252910757955354	3.0307266601390292
116	2.9644302514540564	2.964347362485301	2018-02-22	2.929592471049446	0.3773610363412127	1.9215711057186127	0	8.288896875557821e-05	1.5906155265110307	1.2807137500204178	2.910460123858528	2.9111097032239255	2.9967317738870745	2.996648884918319
117	2.9111097032239255	2.910460123858528	2018-02-23	2.8027541365715076	0.3649248805435817	1.9156635403633118	0	0.0006495793653975077	1.3644482965206546	1.1977983380927966	2.7885154664720546	2.7906545179821727	2.929592471049446	2.9289428916840485
118	2.7906545179821727	2.7885154664720546	2018-02-26	2.760009940032921	0.3970996954989032	1.9033333361148834	0	0.0021390515101180094	0.6165256393506492	0.8151720223577038	2.7615650201425566	2.760952741152099	2.8027541365715076	2.8006150850613896
119	2.760952741152099	2.7615650201425566	2018-02-27	2.922623801733353	0.4042637881459962	1.8950362801551819	0	-0.0006122789904575371	0.7516227378912484	0.839973440495278	2.9175708713296507	2.9134814667323865	2.760009940032921	2.7606222190233787
120	2.9134814667323865	2.9175708713296507	2018-02-28	2.9882040071331994	0.41941293357492443	1.8760167360305786	0	-0.0040894045972640885	1.7810656764120492	1.3069426235259443	2.9418105716130003	2.941856344053493	2.922623801733353	2.926713206330617
121	2.941856344053493	2.9418105716130003	2018-03-01	3.112181086197238	0.41327908412668557	1.8616862297058105	0	4.5772440492343124e-05	1.317698108931741	1.1644028578773713	3.087450967597485	3.0840289624713857	2.9882040071331994	2.988158234692707
122	3.0840289624713857	3.087450967597485	2018-03-02	2.9750192319564492	0.4000992091488015	1.8470198214054108	0	-0.0034220051260991876	2.4023716028144366	1.5610088883495288	2.927092791837664	2.9311456975427057	3.112181086197238	3.115603091323337
123	2.9311456975427057	2.927092791837664	2018-03-05	2.930126516455997	0.3870799430376857	1.8278610706329346	0	0.00405290570504187	0.8602220305372564	0.9700470177509576	2.9327506958152916	2.9306134688541645	2.9750192319564492	2.9709663262514074
124	2.9306134688541645	2.9327506958152916	2018-03-06	2.9101743851923443	0.38217178669090013	1.8103471398353577	0	-0.002137226961127016	1.479421578055806	1.2080235509525123	2.8979926405862466	2.8980049069961384	2.930126516455997	2.932263743417124
125	2.8980049069961384	2.8979926405862466	2018-03-07	2.876948737564024	0.39296014378810645	1.8161329329013824	0	1.226640989177076e-05	1.693596563492825	1.3385327235644486	2.861825010028951	2.861828467440489	2.9101743851923443	2.9101621187824525
126	2.861828467440489	2.861825010028951	2018-03-08	2.805781689595545	0.40030463281961837	1.821823239326477	0	3.4574115379767683e-06	1.3510173992830428	1.1805649201642023	2.792369149906909	2.793686192144024	2.876948737564024	2.876945280152486
127	2.793686192144024	2.792369149906909	2018-03-09	2.6837575085331657	0.36798453339825216	1.8318799585103989	0	0.0013170422371148144	0.5916390824770014	0.7776455054784566	2.6769570394025926	2.678715669697315	2.805781689595545	2.8044646473584303
128	2.678715669697315	2.6769570394025926	2018-03-12	2.7587433154177283	0.4128710750894709	1.8342890739440918	0	0.001758630294722391	0.6806575533153701	0.8422957479624992	2.7693452629135917	2.7665712235978095	2.6837575085331657	2.6819988782384434
129	2.7665712235978095	2.7693452629135917	2018-03-13	2.7942278973432626	0.40074441540967554	1.8277366161346436	0	-0.0027740393157823376	0.40881194769509666	0.5730838350004649	2.7676079213035507	2.7677989449467497	2.7587433154177283	2.7615173547335106
130	2.7677989449467497	2.7676079213035507	2018-03-14	2.8466520505398383	0.42302118611395434	1.8266391456127167	0	0.00019102364319885902	0.9445775067476193	0.9784736318975458	2.8277049166017068	2.8267538530071414	2.7942278973432626	2.7940368737000636
131	2.8267538530071414	2.8277049166017068	2018-03-15	2.808800104202353	0.4148167676662515	1.834936112165451	0	-0.0009510635945651495	2.04663343413756	1.454888306341915	2.7856500543468137	2.787297184362835	2.8466520505398383	2.8476031141344036
132	2.787297184362835	2.7856500543468137	2018-03-16	2.760009940032921	0.3826254337391105	1.8507236391305923	0	0.0016471300160212864	1.008630622975658	1.035995453592167	2.751515238310534	2.752000248854011	2.808800104202353	2.807152974186332
133	2.752000248854011	2.751515238310534	2018-03-19	2.9454910571172443	0.41179394060990304	1.857557862997055	0	0.0004850105434772516	1.2069610490995033	1.1230061548154606	2.9440012864236316	2.941557503418045	2.760009940032921	2.759524929489444
134	2.941557503418045	2.9440012864236316	2018-03-20	2.9014215940827497	0.42736869534826216	1.8511686623096466	0	-0.002443783005586658	0.9399627548434201	0.9282886829201645	2.8558503485514555	2.8577876313834882	2.9454910571172443	2.947934840122831
135	2.8577876313834882	2.8558503485514555	2018-03-21	2.882563575448353	0.4180890074856044	1.8411247730255127	0	0.001937282832032733	1.1861677562081534	1.1307818386364163	2.8739768542814392	2.873500160954504	2.9014215940827497	2.899484311250717
136	2.873500160954504	2.8739768542814392	2018-03-22	3.15016862685841	0.41783081930547245	1.8354828357696533	0	-0.00047669332693535643	1.1640162270529943	1.0707671745468887	3.1475564605652875	3.1438474182522897	2.882563575448353	2.8830402687752885
137	3.1438474182522897	3.1475564605652875	2018-03-23	3.2136622578153133	0.4355002960147969	1.8333313465118408	0	-0.003709042312997917	3.212165837106022	1.8426640761213091	3.158020250852902	3.1581108410936216	3.15016862685841	3.1538776691714077
138	3.1581108410936216	3.158020250852902	2018-03-26	3.0459499897146083	0.4778873644604286	1.8314794600009918	0	9.05902407194822e-05	1.0380265002942912	1.0267888395764302	3.015120148677532	3.0151635301650326	3.2136622578153133	3.213571667574594
139	3.0151635301650326	3.015120148677532	2018-03-27	3.1135153092103742	0.49271685668506354	1.819854497909546	0	4.338148750053791e-05	0.7385724430870361	0.8506148250329525	3.133063966447029	3.1330195598083197	3.0459499897146083	3.045906608227108
140	3.1330195598083197	3.133063966447029	2018-03-28	3.12982600803469	0.4897923995667175	1.8032181859016418	0	-4.440663870939204e-05	1.914876252142967	1.4298656612833787	3.1062547428532725	3.1063046648827335	3.1135153092103742	3.1135597158490835
141	3.1063046648827335	3.1062547428532725	2018-03-29	2.994231147427724	0.48482069626875685	1.8003679811954498	0	4.99220294608387e-05	0.8951148240676097	0.944390738074903	2.976324561815278	2.976576378038644	3.12982600803469	3.129776086005229
142	2.976576378038644	2.976324561815278	2018-04-02	3.1620938107692163	0.48004768308370394	1.7822676301002502	0	0.0002518162233663096	0.3229359448021162	0.5399289656009625	3.176650423051587	3.1760304934576133	2.994231147427724	2.9939793312043577
143	3.1760304934576133	3.176650423051587	2018-04-03	3.0492730404820207	0.4684725553984609	1.7758930027484894	0	-0.000619929593973774	1.492159369944884	1.2371565529934676	3.009607813707649	3.0109309351355593	3.1620938107692163	3.16271374036319
144	3.0109309351355593	3.009607813707649	2018-04-04	2.9987277825337895	0.45784970897364896	1.76244655251503	0	0.0013231214279103328	0.7496163491495006	0.8724212765620888	3.007500487484453	3.0073354652871553	3.0492730404820207	3.0479499190541106
145	3.0073354652871553	3.007500487484453	2018-04-05	2.9412760877579323	0.4651814178877748	1.7436123490333557	0	-0.0001650221972979316	1.2186711796357506	1.1133312502891186	2.9400767446696987	2.9401105853712792	2.9987277825337895	2.998892804731087
146	2.9401105853712792	2.9400767446696987	2018-04-06	3.067587710654419	0.4874041051557439	1.7601142823696136	0	3.384070158059978e-05	0.3215515527754718	0.5277487003386382	3.0661868781559143	3.0649248791859276	2.9412760877579323	2.9412422470563517
147	3.0649248791859276	3.0661868781559143	2018-04-09	3.080532875246456	0.45058525977167496	1.7614079117774963	0	-0.0012619989699866195	1.7090932834514487	1.3330456632443783	3.049252646704957	3.049308139781301	3.067587710654419	3.0688497096244056
148	3.049308139781301	3.049252646704957	2018-04-10	3.018960399673198	0.48466761168276956	1.7529754936695099	0	5.549307634399029e-05	0.6927015628400547	0.8147671378424597	3.006632399163583	3.0068444219686663	3.080532875246456	3.080477382170112
149	3.0068444219686663	3.006632399163583	2018-04-11	3.0076608444192647	0.4730734227757707	1.7454801499843597	0	0.00021202280508342755	0.338619890476041	0.5455938635168476	3.0081609570236565	3.0081586388669637	3.018960399673198	3.0187483768681145
150	3.0081586388669637	3.0081609570236565	2018-04-12	2.9172300453990334	0.49098008298427204	1.7636586427688599	0	-2.318156692736136e-06	1.080773639719637	1.044389177673271	2.911168544745761	2.910244825839059	3.0076608444192647	3.0076631625759576
151	2.910244825839059	2.911168544745761	2018-04-13	2.8570447537800976	0.5530648173875667	1.7660973072052002	0	-0.0009237189067019035	0.2848925262418503	0.47203228783069007	2.8639216904792626	2.8639345289063494	2.9172300453990334	2.9181537643057354
152	2.8639345289063494	2.8639216904792626	2018-04-16	2.8069901489571136	0.523135157529513	1.7629700303077698	0	1.283842708666921e-05	0.6032060130801423	0.7523948104288677	2.810294966641057	2.810288138680299	2.8570447537800976	2.857031915353011
153	2.810288138680299	2.810294966641057	2018-04-17	2.7245795030534206	0.5139787539201498	1.765558809041977	0	-6.82796075771088e-06	0.39138111404689335	0.5866433410658254	2.7275271602974493	2.7275228858425056	2.8069901489571136	2.8069969769178713
154	2.7275228858425056	2.7275271602974493	2018-04-18	2.747270914255491	0.5038360544651342	1.7633183598518372	0	-4.274454943915877e-06	0.33699705914211986	0.5387465336151858	2.7567534292199642	2.7567545436483822	2.7245795030534206	2.7245837775083643
155	2.7567545436483822	2.7567534292199642	2018-04-19	2.7700855920216627	0.5014469669398346	1.7498954683542252	0	1.1144284181323811e-06	0.5218136590655054	0.6899540776899811	2.762855382400834	2.7628553747544435	2.747270914255491	2.747269799827073
156	2.7628553747544435	2.762855382400834	2018-04-20	2.826129489167811	0.5035233408854939	1.748619943857193	0	-7.646390542003244e-09	0.42673213589589937	0.6144368805820953	2.8182132551191383	2.8180042587697014	2.7700855920216627	2.7700855996680533
157	2.8180042587697014	2.8182132551191383	2018-04-23	2.7936160894318567	0.4697800935546274	1.7464765012264252	0	-0.00020899634943693406	0.9116823755405711	0.9406182028116081	2.7799174972880496	2.7799222472522183	2.826129489167811	2.826338485517248
158	2.7799222472522183	2.7799174972880496	2018-04-24	2.8914822521801917	0.4964622276613507	1.736361712217331	0	4.749964168798339e-06	0.37069937080154153	0.5655264478839604	2.8906557293277992	2.890652334998567	2.7936160894318567	2.793611339467688
159	2.890652334998567	2.8906557293277992	2018-04-25	2.8814431271518632	0.4982227208640035	1.717738151550293	0	-3.3943292321744867e-06	0.8672549417738595	0.9197768399374898	2.859869445700044	2.8598186636124296	2.8914822521801917	2.891485646509424
160	2.8598186636124296	2.859869445700044	2018-04-26	2.787477334733532	0.5111728880297561	1.7119514644145966	0	-5.0782087614652366e-05	0.2160327805867343	0.405475340426271	2.7836514296568544	2.7835582057066275	2.8814431271518632	2.881493909239478
161	2.7835582057066275	2.7836514296568544	2018-04-27	2.7350166493320245	0.5128509398939358	1.7106187641620636	0	-9.32239502269825e-05	0.21815451934454666	0.4062274775013355	2.7460396569989456	2.7460396863191656	2.787477334733532	2.787570558683759
162	2.7460396863191656	2.7460396569989456	2018-04-30	2.768204123921957	0.5034228121152465	1.707485854625702	0	2.9320220156172875e-08	0.40199121856460446	0.586456231330834	2.77355654568586	2.773575273199794	2.7350166493320245	2.7350166200118045
163	2.773575273199794	2.77355654568586	2018-05-01	2.740194654428777	0.5064275367427739	1.6972290873527527	0	1.8727513933843794e-05	0.7883342097138919	0.8708839498002315	2.7324889807290242	2.732484458677876	2.768204123921957	2.768185396408023
164	2.732484458677876	2.7324889807290242	2018-05-02	2.770711962226921	0.5040222588758815	1.691955953836441	0	-4.522051148001138e-06	0.393187665534994	0.5752706899735457	2.7723829622374097	2.7723823589905754	2.740194654428777	2.7401991764799254
165	2.7723823589905754	2.7723829622374097	2018-05-03	2.766319109226186	0.49917177832562243	1.6794220805168152	0	-6.032468340442858e-07	0.7034082014100911	0.8108018047554849	2.75877309453763	2.758813867554422	2.770711962226921	2.7707125654737554
166	2.758813867554422	2.75877309453763	2018-05-04	2.6925980965432883	0.4822076360650817	1.6739176958799362	0	4.077301679235237e-05	0.38452476278249265	0.5673662102569103	2.691270621649048	2.691881990855544	2.766319109226186	2.766278336209394
167	2.691881990855544	2.691270621649048	2018-05-07	2.691243082785829	0.46011217850105435	1.662835568189621	0	0.0006113692064958825	0.15494288919125554	0.33750154956705203	2.702421224427279	2.702422897069738	2.6925980965432883	2.6919867273367926
168	2.702422897069738	2.702421224427279	2018-05-08	2.688527534613346	0.5021513495738814	1.661449134349823	0	1.6726424589105875e-06	0.5464553917905018	0.6954192046915351	2.6890474358588365	2.6890529872952147	2.691243082785829	2.69124141014337
169	2.6890529872952147	2.6890474358588365	2018-05-09	2.5967461315435356	0.49069945589021136	1.6756084263324738	0	5.551436377956002e-06	0.19802606958641922	0.3811694086384405	2.599006250751034	2.5990332113615233	2.688527534613346	2.688521983176968
170	2.5990332113615233	2.599006250751034	2018-05-10	2.5824869781268642	0.4945877008698071	1.6627010107040405	0	2.6960610489598757e-05	0.018748490521996584	0.09326231707950983	2.599890329172225	2.5998558548289727	2.5967461315435356	2.596719170933046
171	2.5998558548289727	2.599890329172225	2018-05-11	2.5376572151735295	0.4866835343690326	1.6633581519126892	0	-3.4474343251983446e-05	0.3324778018240687	0.5137308092140077	2.5443704979992012	2.544536095744977	2.5824869781268642	2.5825214524701163
172	2.544536095744977	2.5443704979992012	2018-05-14	2.559550192783766	0.47328072710381747	1.655551090836525	0	0.0001655977457759559	0.1485579560493995	0.3212856712545771	2.5718949917016927	2.571578234531091	2.5376572151735295	2.5374916174277535
173	2.571578234531091	2.5718949917016927	2018-05-15	2.683074215032033	0.46434268201747364	1.6450991928577423	0	-0.00031675717060136125	0.2656382969378136	0.4392677921229913	2.684376035492518	2.6830159011337495	2.559550192783766	2.5598669499543676
174	2.6830159011337495	2.684376035492518	2018-05-16	2.5967461315435356	0.4554706929035451	1.6339403986930847	0	-0.0013601343587685227	0.7087881332690573	0.7924453583506829	2.5799059273270686	2.5812457260580315	2.683074215032033	2.6844343493908016
175	2.5812457260580315	2.5799059273270686	2018-05-17	2.5974910105351463	0.4506488360806791	1.6240764409303665	0	0.0013397987309629019	0.10978938809449584	0.27361240321452596	2.615247661634957	2.614270623831467	2.5967461315435356	2.5954063328125727
176	2.614270623831467	2.615247661634957	2018-05-18	2.5967461315435356	0.442468967206413	1.6081398278474808	0	-0.000977037803490559	0.2881155422950089	0.44781826499415034	2.600271640050721	2.600563351276672	2.5974910105351463	2.5984680483386366
177	2.600563351276672	2.600271640050721	2018-05-21	2.5710843460290524	0.4229282734848346	1.61220882833004	0	0.00029171122595104693	0.3310408006777919	0.5101475242436316	2.5758487514608883	2.575995381028501	2.5967461315435356	2.5964544203175848
178	2.575995381028501	2.5758487514608883	2018-05-22	2.5817308344235403	0.46183619986674157	1.6141785085201263	0	0.00014662956761260382	0.1765379003292656	0.34573029242452785	2.5906016634232376	2.5904735843835764	2.5710843460290524	2.5709377164614398
179	2.5904735843835764	2.5906016634232376	2018-05-23	2.5321082512722946	0.4708029628371687	1.6104982495307922	0	-0.00012807903966135273	0.37207068577376673	0.5374119131296483	2.5367587349363596	2.5368914980810926	2.5817308344235403	2.5818589134632015
180	2.5368914980810926	2.5367587349363596	2018-05-24	2.528125768907977	0.48127645403681696	1.6176410168409348	0	0.0001327631447327822	0.023922891119341663	0.10350850402243739	2.5416446037074913	2.5416301863830695	2.5321082512722946	2.5319754881275616
181	2.5416301863830695	2.5416446037074913	2018-05-25	2.5817308344235403	0.49279778755792136	1.624217301607132	0	-1.441732442183299e-05	0.3173114570934451	0.4922123118924073	2.5876675008177616	2.5875059611013502	2.528125768907977	2.528140186232399
182	2.5875059611013502	2.5876675008177616	2018-05-29	2.834389123145228	0.4819275513848724	1.6174817383289337	0	-0.00016153971641151799	0.3937611508305029	0.5574970839703053	2.8298285875933393	2.8268818505089586	2.5817308344235403	2.5818923741399518
183	2.8268818505089586	2.8298285875933393	2018-05-30	2.7040421797046714	0.4588354270160568	1.592510998249054	0	-0.0029467370843808886	0.9611375287964645	0.9496597940321028	2.663714973219772	2.664678220549526	2.834389123145228	2.837335860229609
184	2.664678220549526	2.663714973219772	2018-05-31	2.7363136663750693	0.47123930400418157	1.6073867976665497	0	0.0009632473297541184	0.6807078591635403	0.8004804534260926	2.7538639474863897	2.7532638605264963	2.7040421797046714	2.7030789323749174
185	2.7532638605264963	2.7538639474863897	2018-06-01	2.599722324216582	0.47362287753632315	1.6140247285366058	0	-0.000600086959893385	0.6706155973460336	0.7706178635671246	2.5980714536349265	2.5996383707040702	2.7363136663750693	2.736913753334963
186	2.5996383707040702	2.5980714536349265	2018-06-04	2.5447466501440172	0.45300056580362763	1.6126208156347275	0	0.001566917069143537	0.5044530738213628	0.6724323190144056	2.570817534344078	2.56957834081454	2.599722324216582	2.598155407147438
187	2.56957834081454	2.570817534344078	2018-06-05	2.517696472610991	0.4253118188095081	1.6013934910297394	0	-0.0012391935295375126	0.5511214192905411	0.6740154762494464	2.53320472288571	2.533071756977794	2.5447466501440172	2.545985843673555
188	2.533071756977794	2.53320472288571	2018-06-06	2.454447442303292	0.4628652299090542	1.6100181341171265	0	-0.00013296590791589833	0.7917596091809634	0.8610860866422133	2.4687488938349507	2.4688925011718674	2.517696472610991	2.5178294385189073
189	2.4688925011718674	2.4687488938349507	2018-06-07	2.495681722955959	0.4524917090728191	1.614386111497879	0	0.00014360733691672382	0.8805596467666422	0.9283991393778663	2.516216258218554	2.5153629839093816	2.454447442303292	2.454303834966375
190	2.5153629839093816	2.516216258218554	2018-06-08	2.4997952622817508	0.46197185679096264	1.6151466071605682	0	-0.0008532743091726774	0.8837606107225054	0.9137601126008739	2.505700702672468	2.5057459251470453	2.495681722955959	2.4965349972651314
191	2.5057459251470453	2.505700702672468	2018-06-11	2.513656063073986	0.4626811337592056	1.6107527911663055	0	4.522247457742227e-05	0.5748398991938424	0.7111283300707512	2.5237622936500514	2.5234103034009747	2.4997952622817508	2.4997500398071733
192	2.5234103034009747	2.5237622936500514	2018-06-12	2.5128460184772416	0.45304668524479336	1.61541286110878	0	-0.0003519902490768202	0.9390777641034279	0.9545557748950925	2.5214732951185046	2.5215217964144045	2.513656063073986	2.514008053323063
193	2.5215217964144045	2.5214732951185046	2018-06-13	2.5603232890727545	0.43982609104922354	1.6263990998268127	0	4.8501295900045266e-05	0.5194749772937461	0.6707436613700315	2.5693139505898985	2.5685837233718494	2.5128460184772416	2.5127975171813417
194	2.5685837233718494	2.5693139505898985	2018-06-14	2.4948569806411682	0.45032448600643155	1.6168016195297241	0	-0.0007302272180493498	0.7600114717372171	0.8324091809311747	2.4978138403297887	2.4982549246920844	2.5603232890727545	2.5610535162908037
195	2.4982549246920844	2.4978138403297887	2018-06-15	2.4832385926873033	0.46761356322738545	1.6086575388908386	0	0.0004410843622959443	0.5886039940917442	0.7275117344666279	2.501753054256091	2.501502203269081	2.4948569806411682	2.4944158962788725
196	2.501502203269081	2.501753054256091	2018-06-18	2.510411940196362	0.46650927017645827	1.5992703437805176	0	-0.00025085098700999164	0.8867663601757806	0.9220055449650701	2.521796466842851	2.5209611132871355	2.4832385926873033	2.4834894436743133
197	2.5209611132871355	2.521796466842851	2018-06-19	2.5915163848462583	0.43982168821708795	1.6124293506145477	0	-0.0008353535557158752	0.6815049027935725	0.7760214466650511	2.5932328306233012	2.592980204794141	2.510411940196362	2.511247293752078
198	2.592980204794141	2.5932328306233012	2018-06-20	2.548663615590751	0.4825978362253181	1.6240970492362976	0	-0.0002526258291603086	1.7043443361392494	1.3825023509089625	2.544433875364975	2.544613837415006	2.5915163848462583	2.5917690106754185
199	2.544613837415006	2.544433875364975	2018-06-21	2.6837575085331657	0.47538570010808223	1.6184007972478867	0	0.00017996205003082354	0.8027113894226394	0.8778813432395027			2.548663615590751	2.5484836535407203
